10101100
01110110
11001001
00011101
11100010
01011011
10010101
00101110
11111100
00001011
10110010
01101101
11010110
00110011
10001001
01000111
11101000
00011110
10100101
01111000
11001111
00101010
10011100
01010001
11100110
00001101
10110111
01100010
11011001
00111100
10000011
01001010
11110001
00010111
10101110
01111101
11000010
00100101
10011010
01001111
11100001
00011000
10110001
01101010
11010101
00110010
10000111
01000100
11101011
00011100
10100011
01110100
11001010
00101101
10011110
01010010
11100101
00001010
10110100
01100001
11011000
00111111
10000010
01001001
11110010
00010100
10101010
01111110
11000001
00100011
10011001
01001110
11100011
00011001
10110000
01101011
11010100
00110001
10000110
01000101
11101010
00011111
10100010
01110101
11001011
00101100
10011101
01010011
11100100
00001001
10110101
01100000
11011011
00111110
10000001
01001000
11110011
00010101
10101011
01111111
11000000
00100010
10011000
01001101
11100000
00011010
10110011
01101001
11010111
00110000
10000101
01000110
11101001
00011101
10100100
01110111
11001000
00101111
10011111
01010000
11100111
00001000
10110110
01100011
11011010
00111101
10000100
01001011
11110000
00010110
01100101
11011100
00001111
10101001
01010110
11110010
00111001
10000110
01111010
11000011
00010101
10101111
01001000
11100101
00110110
10011001
01100011
11011110
00001010
10110001
01011100
11101010
00100111
10001101
01110101
11000110
00011111
10100010
01001101
11110100
00110000
10010111
01101110
11011001
00000101
10111100
01010011
11100010
00111101
10001010
01110001
11001100
00011011
10100110
01000101
11111000
00101010
10011101
01100111
11010010
00001100
10101010
01011001
11100100
00110101
10000010
01111100
11000001
00010110
10101101
01001011
11110001
00111000
10010110
01101001
11011111
00001001
10110011
01011101
11101001
00100010
10001110
01110110
11000101
00011100
10100001
01001110
11110110
00110011
10011010
01100000
11011011
00000110
10111110
01010000
11100011
00111110
10001001
01110010
11001101
00011001
10100100
01000110
11111001
00101001
10011110
01100100
11010011
00001110
10101000
01011010
11100111
00110100
10000011
01111101
11000010
00010111
10101100
01001010
11110011
00111010
10010101
01101000
11011101
00001000
10110010
01011111
11101000
00100011
10001111
01110111
11000100
00011110
10100000
01001111
11110101
